========================================================
Size of text for cities @ different ZOOM:

ZOOM, text size (height), shadow px offset, fontSize, offsetFromHouse1(X,Y), SqHeight, offsetToBottomHouse(Y)
8, 1, -, 1, (x,1), 
7, 3, -, 3, (7,3)
6, 5, -, 5, (13,5)
5, 7, (1,0)+(0,1), 7, (17,9)
4, 9, (1,0)+(0,1), 10, (21,11)
3, 10, (1,0)+(0,1), 11, (23,12)
2, 11, (1,0)+(0,1), 13, (25,14)
1, 12, (2,0)+(0,2), 14, (31,15), ZOOM*6, ZOOM*5
0, 14, (2,0)+(0,2), 16, (35,17)
-1, 16, (2,0)+(0,2), 17, (39,20)
-2, 17, (2,0)+(0,2), 19, (42,22)
-3, 19, (2,0)+(0,2), 21, (46,25)
-4, 21, (2,0)+(0,2), 24, (51,27)
-5, 22, (2,0)+(0,2), 25, (51,28)
-6, 24, (2,0)+(0,2), 26, (58,31)
-7, 26, (2,0)+(0,2), 28, (64,32)
========================================================
