========================================================
Size of text for cities @ different ZOOM:

ZOOM, text size (height), shadow px offset, fontSize, offsetFromHouse1(X,Y), SqHeight, offsetToBottomHouse(Y)
1, 1, -, 1, (x,1), 
2, 3, -, 3, (7,3)
3, 5, -, 5, (13,5)
4, 7, (1,0)+(0,1), 7, (17,9)
5, 9, (1,0)+(0,1), 10, (21,11)
6, 10, (1,0)+(0,1), 11, (23,12)
7, 11, (1,0)+(0,1), 13, (25,14)
8, 12, (2,0)+(0,2), 14, (31,15), ZOOM*6, ZOOM*5
9, 14, (2,0)+(0,2), 16, (35,17)
10, 16, (2,0)+(0,2), 17, (39,20)
11, 17, (2,0)+(0,2), 19, (42,22)
12, 19, (2,0)+(0,2), 21, (46,25)
13, 21, (2,0)+(0,2), 24, (51,27)
14, 22, (2,0)+(0,2), 25, (51,28)
15, 24, (2,0)+(0,2), 26, (58,31)
16, 26, (2,0)+(0,2), 28, (64,32)
========================================================
